11,163
11,162
4294967278,387
4294967279,575
4294967278,386
4294967278,385
4294967278,384
13,81
13,80
13,79
13,78
13,77
13,76
13,75
13,74
13,73
13,72
4294967279,574
13,71
4294967278,383
4294967279,573
11,161
11,160
11,159
11,158
11,157
11,156
11,155
11,154
11,153
11,152
11,151
11,150
11,149
11,148
11,147
11,146
11,145
11,144
13,70
13,69
13,68
13,67
13,66
13,65
13,64
13,40
13,39
13,38
13,37
13,36
4294967279,572
4294967278,382
13,35
13,34
13,33
13,32
13,31
13,30
13,29
13,28
13,27
13,26
4294967279,571
13,25
13,24
13,23
4294967279,570
4294967278,381
4294967278,380
4294967279,569
4294967278,379
4294967279,568
4294967279,567
4294967278,378
4294967279,566
4294967279,565
13,22
13,21
13,20
13,19
4294967278,377
4294967279,564
4294967279,563
4294967278,376
4294967279,562
4294967278,375
4294967278,374
4294967279,561
4294967278,373
4294967279,560
4294967278,372
4294967279,559
4294967278,371
4294967279,558
13,18
13,17
13,16
13,15
13,14
13,13
4294967279,557
4294967278,370
4294967278,369
13,12
13,11
4294967279,556
4294967279,555
13,10
13,9
4294967279,554
4294967278,368
4294967279,553
4294967278,367
4294967279,552
4294967279,551
4294967278,366
4294967278,365
11,143
11,142
11,141
11,140
11,139
11,138
11,137
11,136
11,135
11,134
11,133
11,132
11,131
11,130
11,129
11,128
11,127
11,126
11,125
11,124
11,123
11,122
11,121
11,120
11,119
11,118
11,117
11,116
11,115
11,114
11,113
11,112
11,111
11,110
4294967278,364
4294967278,363
4294967278,362
4294967279,550
4294967278,361
4294967279,549
4294967278,360
4294967279,548
4294967278,359
4294967279,547
4294967278,358
4294967279,546
11,109
4294967278,357
4294967278,356
4294967278,355
11,108
11,107
11,106
11,105
11,104
11,103
11,102
11,101
11,100
11,99
11,98
11,97
11,96
11,95
11,94
11,93
11,92
11,91
11,90
11,89
11,88
11,87
11,86
11,85
11,84
11,83
11,82
11,81
11,80
11,79
11,78
11,77
11,76
11,75
11,74
11,73
11,72
11,71
11,70
11,69
11,68
11,67
11,66
11,65
11,64
11,38
11,37
11,36
11,35
11,34
11,33
11,32
11,31
11,30
11,29
11,28
11,27
11,26
11,25
11,24
11,23
11,22
11,21
11,20
11,19
11,18
11,17
11,16
11,15
11,14
11,13
4294967278,354
4294967279,545
4294967278,353
4294967279,544
4294967279,543
11,12
11,11
4294967279,542
4294967278,352
4294967278,351
4294967279,541
11,10
11,9
4294967278,350
4294967279,540
11,8
4294967278,349
11,7
4294967279,539
4294967279,538
4294967278,348
4294967278,347
4294967278,346
4294967278,345
4294967278,344
4294967278,343
4294967278,342
4294967279,537
4294967278,341
4294967278,340
4294967279,536
4294967278,339
4294967278,338
4294967278,337
4294967278,336
4294967279,535
4294967278,335
4294967279,534
4294967278,334
4294967279,533
4294967278,333
4294967279,532
4294967278,332
4294967279,531
4294967278,331
4294967279,530
4294967278,330
4294967279,529
4294967278,329
4294967279,528
4294967278,328
4294967279,527
4294967278,327
4294967279,526
4294967278,326
4294967279,525
4294967278,325
4294967279,524
4294967278,324
4294967279,523
4294967278,323
4294967279,522
4294967278,322
4294967279,521
4294967278,321
4294967279,520
4294967278,320
4294967279,519
4294967278,319
4294967279,518
4294967278,318
4294967279,517
4294967278,317
4294967279,516
4294967278,316
4294967279,515
4294967278,315
4294967279,514
4294967278,314
4294967279,513
4294967278,313
4294967279,512
4294967278,312
4294967279,136
4294967278,311
4294967278,310
4294967279,319
4294967278,309
4294967279,318
4294967278,308
4294967279,317
4294967278,307
4294967279,316
4294967279,315
4294967279,314
4294967278,306
4294967279,313
4294967278,305
4294967279,312
4294967278,304
4294967279,311
4294967278,303
4294967279,310
4294967278,302
4294967279,309
4294967278,301
4294967279,308
4294967278,300
4294967279,307
4294967278,299
4294967279,306
4294967278,298
4294967279,305
4294967278,297
4294967279,304
4294967278,296
4294967279,303
4294967278,295
4294967279,302
4294967278,294
4294967279,301
4294967278,293
4294967279,300
4294967278,292
4294967279,299
4294967279,298
4294967278,291
4294967279,297
4294967294,1426
4294967294,1425
13,8
13,7
13,6
13,5
13,4
13,3
13,2
13,1
4294967278,290
4294967294,475
4294967294,1424
12,6
12,5
12,4
12,3
12,2
12,1
4294967279,296
4294967294,1084
11,6
11,5
11,4
11,3
11,2
11,1
4294967278,289
4294967294,474
10,5
10,4
10,3
10,2
10,1
4294967278,288
9,9
9,8
9,7
9,6
9,5
9,4
9,3
